start=6.160000
contrast=1.000000
